0 0.733290 0.667951 0.014707 0.020528
0 0.492677 0.644661 0.015869 0.020545
0 0.439508 0.686441 0.008955 0.010481
0 0.378756 0.524402 0.024436 0.030067
0 0.368441 0.578197 0.014662 0.024636
0 0.341697 0.633984 0.023079 0.040575
0 0.428715 0.581095 0.016293 0.023185
0 0.578074 0.479808 0.035025 0.047818
0 0.573457 0.513678 0.038282 0.029342
0 0.590346 0.437532 0.024980 0.028981
0 0.524911 0.394423 0.023349 0.018112
0 0.647203 0.410419 0.031866 0.037483
0 0.710744 0.435323 0.017159 0.023900
0 0.712022 0.639273 0.022400 0.034415
0 0.639651 0.807251 0.031766 0.038760
0 0.641266 0.832971 0.012192 0.011230
0 0.852422 0.784602 0.022480 0.045642
0 0.843626 0.690271 0.019221 0.028255
0 0.911135 0.522605 0.012380 0.018693
0 0.838641 0.450879 0.013359 0.015214
0 0.981745 0.694387 0.012067 0.021888
0 0.992664 0.748473 0.014672 0.020374
0 0.948373 0.655770 0.014707 0.021634
0 0.636270 0.499474 0.019910 0.028981
0 0.629935 0.533585 0.028056 0.024756
0 0.684088 0.663748 0.021353 0.026989
0 0.703193 0.752403 0.008990 0.013122
0 0.341125 0.549905 0.040401 0.056514
0 0.319589 0.592680 0.047570 0.029124
0 0.335853 0.762455 0.015398 0.025157
0 0.367906 0.755956 0.008171 0.013416
0 0.391552 0.770632 0.024982 0.041511
0 0.466159 0.792597 0.013765 0.012580
