0 0.060281 0.124987 0.009078 0.016270
0 0.121667 0.104634 0.009316 0.011928
0 0.106785 0.101579 0.015734 0.019495
0 0.043403 0.204012 0.012518 0.014101
0 0.054133 0.232213 0.014795 0.015401
0 0.486311 0.052659 0.038044 0.042951
0 0.481062 0.121048 0.013211 0.016420
0 0.417216 0.138997 0.008129 0.016992
0 0.406309 0.245204 0.007182 0.012293
0 0.416073 0.217179 0.009917 0.013235
0 0.375426 0.195160 0.008292 0.017353
0 0.432804 0.225319 0.012643 0.022864
0 0.423476 0.360556 0.016125 0.011207
0 0.563990 0.273581 0.010301 0.012497
0 0.501946 0.255306 0.023412 0.036547
0 0.463198 0.278580 0.017092 0.021243
0 0.821250 0.441910 0.016859 0.022864
0 0.835859 0.486705 0.014609 0.019492
0 0.874069 0.515570 0.011801 0.017243
0 0.872951 0.713177 0.016182 0.016735
0 0.820968 0.858949 0.012643 0.014368
0 0.295988 0.784373 0.012683 0.020565
0 0.253942 0.774612 0.008975 0.013015
0 0.194499 0.810092 0.031187 0.036360
0 0.019886 0.979527 0.011801 0.016868
0 0.155728 0.910368 0.010959 0.018743
