0 0.582113 0.132438 0.015609 0.016400
0 0.518734 0.297727 0.010303 0.013122
0 0.461021 0.346960 0.005013 0.006507
0 0.474637 0.400470 0.019238 0.018439
0 0.306445 0.417198 0.009168 0.017182
0 0.503984 0.979320 0.007643 0.009114
0 0.017437 0.751192 0.010431 0.013740
0 0.033501 0.775406 0.010894 0.027550
0 0.074127 0.623224 0.011856 0.012203
0 0.102455 0.655704 0.011057 0.020177
0 0.581581 0.204781 0.014499 0.015184
0 0.621171 0.964074 0.014091 0.016090
0 0.320901 0.514144 0.027813 0.038610
0 0.755810 0.098524 0.014281 0.017804
0 0.889757 0.211887 0.010536 0.015358
0 0.856568 0.417015 0.011318 0.015622
0 0.668017 0.458102 0.011290 0.016571
0 0.693252 0.431738 0.008918 0.012654
0 0.770663 0.400433 0.031996 0.048419
0 0.774564 0.493158 0.016974 0.024211
0 0.852550 0.608556 0.014048 0.020047
0 0.865133 0.600876 0.014243 0.019265
0 0.355085 0.727291 0.008292 0.016487
0 0.315349 0.660174 0.011706 0.020608
0 0.240688 0.575321 0.030343 0.032614
0 0.547634 0.549352 0.048550 0.049659
0 0.571880 0.687139 0.007728 0.011872
0 0.455987 0.748210 0.020837 0.022804
0 0.699433 0.728718 0.011005 0.013118
0 0.954415 0.758394 0.033364 0.044515
0 0.898522 0.670628 0.015446 0.017574
0 0.941934 0.632015 0.017560 0.015401
0 0.982962 0.873225 0.010303 0.015307
0 0.714896 0.978842 0.014146 0.010411
0 0.552495 0.944415 0.018963 0.028737
0 0.222341 0.910329 0.013204 0.021367
0 0.043655 0.963220 0.028938 0.040110
0 0.144937 0.820844 0.013462 0.012236
0 0.181422 0.741942 0.013074 0.016658
0 0.030872 0.543158 0.017981 0.022493
0 0.142387 0.492376 0.008131 0.011932
0 0.106244 0.299525 0.013169 0.019739
0 0.034623 0.304733 0.008454 0.014098
0 0.556621 0.059821 0.014890 0.017243
