0 0.807519 0.599133 0.015609 0.020043
0 0.779033 0.609935 0.004294 0.006247
0 0.021830 0.459701 0.017533 0.019342
0 0.025225 0.654489 0.009429 0.010628
0 0.203576 0.890184 0.004517 0.008436
0 0.281766 0.797580 0.009755 0.011932
0 0.300679 0.836840 0.006323 0.010846
0 0.587321 0.760035 0.012487 0.011715
0 0.569469 0.740120 0.006829 0.015100
0 0.743072 0.825256 0.009592 0.017136
0 0.718101 0.748102 0.009078 0.015007
0 0.645830 0.696935 0.008580 0.012052
0 0.606621 0.662137 0.005832 0.010043
0 0.722997 0.631282 0.056776 0.063259
0 0.526097 0.531404 0.024950 0.030588
0 0.510083 0.490694 0.035401 0.039134
0 0.426978 0.501939 0.012137 0.024739
0 0.429168 0.438065 0.016518 0.018443
0 0.818159 0.097418 0.014329 0.016494
0 0.826869 0.084861 0.010957 0.016868
0 0.159084 0.051661 0.014957 0.016705
0 0.259403 0.376036 0.010569 0.008676
0 0.057583 0.951690 0.008672 0.007229
0 0.873170 0.282072 0.016856 0.022119
0 0.761180 0.604990 0.010341 0.007807
0 0.618626 0.199266 0.048605 0.100084
0 0.570673 0.143571 0.013279 0.015184
0 0.756355 0.272670 0.010406 0.016918
0 0.754322 0.241215 0.013494 0.020826
0 0.681321 0.226790 0.003740 0.008025
0 0.704652 0.249243 0.006177 0.007376
0 0.737268 0.299136 0.004877 0.007811
0 0.668954 0.196461 0.006210 0.009037
0 0.659469 0.219809 0.004404 0.009037
0 0.629052 0.116542 0.010163 0.010846
0 0.474459 0.091556 0.006177 0.007811
0 0.476979 0.127350 0.011869 0.023429
0 0.188116 0.420373 0.012465 0.022416
0 0.230686 0.409564 0.009078 0.012838
0 0.243801 0.448304 0.011110 0.015364
0 0.289230 0.495807 0.016260 0.022597
0 0.354985 0.525189 0.006368 0.006327
0 0.279580 0.865800 0.011706 0.017704
0 0.338030 0.968018 0.011380 0.014967
0 0.397539 0.970837 0.011706 0.017136
0 0.385100 0.902831 0.008943 0.014318
0 0.436298 0.911365 0.014048 0.008432
0 0.463221 0.904494 0.009835 0.012182
0 0.417168 0.821181 0.025989 0.020304
0 0.489326 0.896995 0.007725 0.011557
0 0.496819 0.903401 0.011002 0.019368
0 0.521169 0.931359 0.005854 0.015932
0 0.494703 0.812254 0.022437 0.021086
0 0.397248 0.783488 0.007412 0.007811
0 0.314826 0.779863 0.010569 0.018075
0 0.293825 0.776068 0.007315 0.009402
