0 0.681733 0.231359 0.012290 0.017182
0 0.433031 0.538063 0.024389 0.038005
0 0.436484 0.466945 0.005854 0.013536
0 0.581003 0.431527 0.012843 0.022995
0 0.630268 0.418511 0.022600 0.020826
0 0.695645 0.526501 0.008780 0.013449
0 0.691003 0.648710 0.013820 0.016090
0 0.985008 0.681481 0.029985 0.049104
0 0.991189 0.733397 0.017623 0.020993
0 0.979006 0.617193 0.022475 0.022493
0 0.884746 0.665737 0.011521 0.010872
0 0.152370 0.928615 0.014048 0.016661
0 0.576110 0.316750 0.020812 0.024729
0 0.286315 0.790257 0.016623 0.023115
0 0.990304 0.876735 0.007968 0.009980
0 0.911319 0.438469 0.009431 0.010628
0 0.007506 0.156977 0.015013 0.029689
