0 0.396251 0.023459 0.016295 0.023242
0 0.225769 0.804545 0.018262 0.018369
0 0.328458 0.738571 0.033154 0.030364
0 0.334195 0.584679 0.016155 0.017179
0 0.629130 0.624158 0.049897 0.080969
0 0.567600 0.510125 0.021914 0.031039
0 0.755957 0.507136 0.018542 0.019492
0 0.718870 0.625963 0.014609 0.014245
0 0.710666 0.324318 0.014329 0.021745
0 0.586626 0.197580 0.018262 0.018369
0 0.634668 0.182022 0.019947 0.019492
0 0.688893 0.175276 0.011518 0.017991
0 0.484275 0.129430 0.011521 0.022864
0 0.369842 0.144163 0.013487 0.017991
0 0.162526 0.087599 0.012643 0.011995
0 0.058011 0.129581 0.010957 0.015745
0 0.071713 0.233753 0.017756 0.022386
0 0.157013 0.016076 0.011631 0.017473
0 0.689765 0.020012 0.014329 0.025491
