0 0.590949 0.012978 0.010145 0.014579
0 0.597097 0.003366 0.009559 0.006731
0 0.202471 0.543773 0.006661 0.011451
0 0.827292 0.334579 0.015446 0.013195
0 0.743967 0.322828 0.007588 0.008135
0 0.828960 0.232971 0.013657 0.018743
0 0.345891 0.679915 0.017477 0.023319
0 0.110937 0.744576 0.014835 0.012146
0 0.105207 0.647413 0.017533 0.014846
0 0.662606 0.651282 0.010789 0.014843
0 0.125132 0.707682 0.011801 0.013118
0 0.556638 0.739215 0.015922 0.018743
0 0.861118 0.790150 0.008710 0.013870
0 0.866316 0.802333 0.008990 0.014993
0 0.766145 0.766400 0.029534 0.038864
0 0.218303 0.621228 0.046606 0.061407
0 0.570009 0.570851 0.006911 0.009582
0 0.442853 0.462727 0.014985 0.017807
0 0.398252 0.428834 0.016623 0.020615
0 0.389002 0.522236 0.006556 0.010622
0 0.399539 0.480844 0.009835 0.015932
0 0.620660 0.389141 0.061495 0.073409
0 0.767346 0.436955 0.010729 0.018743
0 0.920456 0.683055 0.014890 0.026992
0 0.924529 0.648755 0.035962 0.027363
0 0.898379 0.532492 0.012876 0.021608
0 0.940327 0.491623 0.008975 0.019522
0 0.954570 0.492923 0.014046 0.014836
0 0.936812 0.297443 0.008940 0.013449
0 0.978434 0.296034 0.008292 0.013666
0 0.959995 0.199651 0.018146 0.019783
0 0.869342 0.019982 0.106030 0.039963
0 0.594335 0.105505 0.009106 0.011932
0 0.637097 0.109843 0.017886 0.015401
