0 0.166735 0.565627 0.005283 0.006688
0 0.068669 0.589840 0.012292 0.017440
0 0.339688 0.331676 0.006340 0.011280
0 0.145016 0.580648 0.011380 0.012654
0 0.832808 0.478394 0.011177 0.014462
0 0.969223 0.127465 0.029469 0.021240
0 0.917680 0.143733 0.012871 0.014311
0 0.853481 0.498775 0.009712 0.016721
0 0.763655 0.620259 0.017325 0.019054
0 0.748788 0.617916 0.018963 0.019990
0 0.746196 0.276419 0.029071 0.046073
0 0.694376 0.254449 0.025852 0.036878
0 0.364187 0.076200 0.007528 0.009920
0 0.392395 0.035085 0.004424 0.006153
0 0.394473 0.140224 0.011856 0.013710
0 0.534113 0.266424 0.026503 0.038830
0 0.569319 0.467321 0.006232 0.007771
0 0.524532 0.495643 0.008692 0.012203
0 0.463948 0.567779 0.031608 0.039047
0 0.217713 0.241036 0.006663 0.008737
0 0.261929 0.179482 0.008808 0.010695
0 0.188209 0.139910 0.006398 0.009037
0 0.141893 0.293364 0.020098 0.024990
0 0.171939 0.420451 0.016192 0.022908
0 0.196609 0.553244 0.019782 0.029288
