0 0.826020 0.248548 0.008537 0.011387
0 0.738556 0.532199 0.043550 0.052166
0 0.723993 0.439768 0.010772 0.009682
0 0.756658 0.333578 0.007585 0.011621
0 0.503352 0.346365 0.011473 0.023740
0 0.441424 0.276392 0.009366 0.012497
0 0.360510 0.152941 0.016155 0.020929
0 0.313099 0.154032 0.030907 0.022490
0 0.301275 0.166059 0.009599 0.010307
0 0.147406 0.037483 0.011005 0.017493
0 0.098591 0.167435 0.014982 0.014997
0 0.968808 0.181387 0.021353 0.028489
0 0.841072 0.260424 0.013141 0.012834
0 0.915977 0.076469 0.013111 0.021554
0 0.928017 0.261584 0.011706 0.016270
0 0.784450 0.487532 0.014496 0.018981
0 0.660956 0.587946 0.025083 0.024830
0 0.516105 0.574235 0.007620 0.011798
0 0.270098 0.806267 0.016388 0.023429
0 0.222687 0.913255 0.017948 0.032801
0 0.300681 0.657189 0.008402 0.013556
0 0.240720 0.979124 0.006340 0.007159
0 0.619981 0.100159 0.019316 0.024469
0 0.230465 0.515157 0.019196 0.019960
