0 0.732341 0.384273 0.010163 0.014642
0 0.781999 0.364749 0.015175 0.012112
0 0.333022 0.451312 0.009757 0.012363
0 0.501026 0.384059 0.011315 0.021608
0 0.626577 0.457279 0.030063 0.029238
0 0.295979 0.828461 0.020792 0.015745
0 0.952971 0.392025 0.013267 0.017440
0 0.752973 0.256835 0.015932 0.019091
0 0.921929 0.984114 0.011122 0.026811
0 0.826139 0.948797 0.009266 0.020174
0 0.803214 0.937193 0.009269 0.018222
0 0.769113 0.923815 0.015581 0.018078
0 0.729360 0.907311 0.011651 0.014462
0 0.701314 0.898633 0.014632 0.015909
0 0.501805 0.681547 0.024116 0.038422
0 0.394716 0.708944 0.025989 0.025929
0 0.040633 0.963730 0.014827 0.023168
0 0.058680 0.986877 0.023607 0.026247
0 0.056017 0.701977 0.018542 0.026541
0 0.159014 0.665991 0.090353 0.107510
