0 0.810658 0.640050 0.085298 0.067025
0 0.346665 0.033028 0.007968 0.013015
0 0.424614 0.161967 0.006087 0.007497
0 0.386217 0.235065 0.007024 0.011247
0 0.454133 0.149716 0.003652 0.010869
0 0.423650 0.073807 0.019103 0.023991
0 0.904548 0.823735 0.014361 0.014462
0 0.781725 0.279978 0.012923 0.013118
0 0.852831 0.561188 0.009559 0.013018
0 0.722831 0.633752 0.011463 0.013045
0 0.701447 0.542316 0.006050 0.010414
0 0.636477 0.550256 0.008389 0.011715
0 0.563260 0.515540 0.103505 0.086360
0 0.526512 0.455035 0.026636 0.028339
0 0.473149 0.594270 0.035586 0.034362
0 0.642915 0.596332 0.024777 0.045037
