0 0.476606 0.867685 0.010341 0.012497
0 0.933092 0.422929 0.006556 0.013747
0 0.533694 0.729342 0.009131 0.009372
0 0.753404 0.530523 0.006438 0.016140
0 0.931102 0.393097 0.021774 0.039047
0 0.978055 0.433481 0.010393 0.007122
0 0.992211 0.509748 0.007858 0.011568
0 0.828904 0.223407 0.013494 0.011715
0 0.885864 0.078093 0.008943 0.009582
0 0.907298 0.020353 0.020864 0.022416
0 0.897881 0.004392 0.006097 0.008783
0 0.921796 0.003849 0.009213 0.007697
0 0.637004 0.222986 0.013657 0.016661
0 0.711467 0.323000 0.014517 0.013432
0 0.398061 0.131740 0.007224 0.010545
0 0.406745 0.162564 0.006210 0.008737
0 0.061131 0.322660 0.010634 0.017828
0 0.252375 0.426314 0.006438 0.009639
0 0.108179 0.594509 0.013983 0.018656
0 0.051518 0.537348 0.011543 0.011066
0 0.088568 0.688829 0.015809 0.012430
0 0.040620 0.697958 0.005854 0.009632
0 0.221675 0.559353 0.012467 0.018439
0 0.272348 0.218429 0.025168 0.027594
0 0.253339 0.263730 0.005556 0.006872
