0 0.339321 0.700302 0.019374 0.013199
0 0.289949 0.754968 0.005283 0.007590
0 0.263717 0.736222 0.007861 0.010124
0 0.536003 0.566855 0.030343 0.047233
0 0.488293 0.513904 0.010704 0.007955
0 0.535850 0.535598 0.007993 0.016631
0 0.233895 0.542975 0.005421 0.008135
0 0.217231 0.570814 0.011651 0.018259
0 0.236878 0.603352 0.008129 0.009579
0 0.284231 0.512271 0.007966 0.009542
0 0.258461 0.485047 0.008129 0.010194
0 0.471506 0.417498 0.017751 0.014642
0 0.480177 0.426989 0.008264 0.014826
0 0.472781 0.508120 0.012465 0.016995
0 0.185279 0.937477 0.010243 0.013884
0 0.333508 0.807321 0.008399 0.014281
0 0.372869 0.796566 0.007182 0.010485
0 0.135595 0.932874 0.010163 0.020087
0 0.052569 0.762325 0.017748 0.010485
0 0.065440 0.771999 0.011245 0.012834
0 0.033262 0.742893 0.008402 0.014642
0 0.086458 0.402440 0.008131 0.014532
0 0.089296 0.161155 0.012410 0.021554
0 0.243518 0.032009 0.010243 0.014753
0 0.476255 0.181414 0.007024 0.009372
0 0.475794 0.022428 0.011708 0.009061
0 0.769156 0.689920 0.018497 0.015307
0 0.528265 0.982772 0.020904 0.034455
0 0.541413 0.956547 0.026298 0.021591
0 0.543268 0.981512 0.011801 0.019342
0 0.563159 0.908190 0.007756 0.011247
0 0.626984 0.649068 0.006829 0.012146
0 0.940574 0.898934 0.013322 0.023429
