0 0.600654 0.923984 0.012174 0.012807
0 0.147528 0.275142 0.017700 0.016494
0 0.959793 0.989841 0.011521 0.011995
0 0.882857 0.931852 0.011901 0.013797
0 0.932415 0.887468 0.013853 0.007289
0 0.967630 0.916103 0.010536 0.014057
0 0.909024 0.101178 0.012177 0.009682
0 0.969205 0.978222 0.005058 0.012747
0 0.232630 0.881534 0.024679 0.037246
0 0.027861 0.123025 0.009559 0.011197
0 0.147077 0.819153 0.005872 0.009642
0 0.155149 0.798364 0.007112 0.011447
0 0.166112 0.842729 0.011293 0.012049
0 0.193506 0.777711 0.010028 0.007955
0 0.222515 0.857784 0.008497 0.015655
0 0.391180 0.187863 0.015451 0.014682
0 0.326678 0.190520 0.025987 0.027490
0 0.351146 0.236905 0.007027 0.011551
0 0.372216 0.223006 0.007958 0.011247
0 0.377718 0.250184 0.012410 0.016243
0 0.631621 0.250896 0.011328 0.018356
0 0.609167 0.080052 0.036816 0.024288
0 0.565958 0.114113 0.019421 0.025371
