0 0.399409 0.577958 0.008292 0.014532
0 0.481240 0.868688 0.017395 0.023212
0 0.463236 0.966389 0.004855 0.008098
0 0.301531 0.793912 0.028292 0.020826
0 0.336458 0.804027 0.004514 0.004973
0 0.386309 0.549265 0.007182 0.009579
0 0.522866 0.542602 0.017951 0.024208
0 0.588811 0.530237 0.008585 0.013015
0 0.625979 0.535053 0.017365 0.016918
0 0.649197 0.570065 0.014241 0.017182
0 0.678666 0.574591 0.006791 0.012182
0 0.739413 0.666028 0.004201 0.006868
0 0.371762 0.337009 0.003199 0.005775
0 0.103835 0.931827 0.015220 0.011868
