0 0.697120 0.347919 0.028645 0.036922
0 0.664593 0.382572 0.008254 0.015545
0 0.703632 0.482002 0.007024 0.013797
0 0.659049 0.474582 0.008780 0.008329
0 0.689262 0.554223 0.011801 0.018740
0 0.772271 0.347182 0.005854 0.009893
0 0.895820 0.061347 0.023600 0.031939
0 0.884694 0.077092 0.021578 0.036437
0 0.867911 0.143199 0.007219 0.008850
0 0.947864 0.264181 0.008264 0.011932
0 0.852295 0.425553 0.004449 0.013118
0 0.852296 0.396345 0.004917 0.008432
0 0.426065 0.335339 0.011237 0.018118
0 0.349966 0.423524 0.011706 0.016487
0 0.309400 0.394131 0.014797 0.014753
0 0.336787 0.352654 0.010298 0.011932
0 0.010114 0.481537 0.011521 0.019492
0 0.509957 0.617348 0.010396 0.012744
0 0.427415 0.087978 0.007305 0.010869
0 0.412102 0.208681 0.010957 0.011621
0 0.283377 0.223183 0.005150 0.005966
0 0.336129 0.273972 0.010569 0.012149
0 0.356677 0.026771 0.008670 0.012473
0 0.313050 0.025414 0.010839 0.010849
0 0.558209 0.092358 0.004389 0.004555
0 0.958747 0.238635 0.005691 0.012584
0 0.835893 0.670204 0.008710 0.009372
0 0.182409 0.172463 0.006320 0.008436
