0 0.750708 0.406193 0.009271 0.013122
0 0.052960 0.125294 0.009366 0.014057
0 0.316878 0.886534 0.008469 0.012239
0 0.258412 0.975408 0.006774 0.009793
0 0.066578 0.614923 0.011924 0.012654
0 0.927107 0.641235 0.009559 0.012497
0 0.932505 0.865884 0.023061 0.024830
0 0.391247 0.626008 0.016974 0.019522
0 0.498090 0.412055 0.007588 0.011571
0 0.566046 0.302478 0.011380 0.012363
0 0.513205 0.114637 0.014471 0.024729
0 0.543021 0.063541 0.006633 0.011454
0 0.355641 0.251639 0.008918 0.015064
0 0.312252 0.557558 0.024724 0.041982
0 0.119190 0.540027 0.013550 0.020969
0 0.075222 0.570904 0.007588 0.010304
0 0.231836 0.567251 0.007044 0.014642
0 0.217856 0.169362 0.010927 0.013015
0 0.179388 0.464482 0.013550 0.008857
