0 0.814717 0.545319 0.008662 0.010932
0 0.424261 0.225154 0.011789 0.008496
0 0.172544 0.181360 0.009441 0.016644
0 0.909966 0.072495 0.040053 0.063693
0 0.160744 0.051136 0.006743 0.012594
0 0.565755 0.254818 0.012137 0.019342
0 0.578904 0.268763 0.008765 0.014846
0 0.570874 0.287141 0.007154 0.005859
0 0.563379 0.327881 0.020812 0.013449
0 0.533049 0.196954 0.018923 0.024469
0 0.743094 0.661596 0.012811 0.022490
0 0.617946 0.596524 0.027510 0.024291
0 0.977409 0.394497 0.020228 0.028486
0 0.884554 0.363384 0.026127 0.037483
0 0.946578 0.271898 0.010536 0.017961
0 0.868259 0.367320 0.021633 0.031865
0 0.347516 0.158439 0.013580 0.014057
0 0.275025 0.354500 0.015451 0.008620
0 0.736182 0.628085 0.011127 0.022941
0 0.723370 0.562634 0.013149 0.019793
0 0.902506 0.569367 0.017137 0.044983
