0 0.660344 0.346817 0.015779 0.021053
0 0.294254 0.175199 0.011127 0.013045
0 0.953992 0.115117 0.011651 0.011658
0 0.901559 0.066534 0.017477 0.027206
0 0.949623 0.031233 0.059231 0.048583
0 0.981604 0.874068 0.028329 0.027487
0 0.812377 0.917323 0.011463 0.012594
0 0.891268 0.812288 0.020902 0.019342
0 0.863791 0.804191 0.019892 0.012146
0 0.471207 0.384602 0.008091 0.008095
0 0.566889 0.451536 0.014970 0.019970
0 0.155901 0.576603 0.017137 0.025491
0 0.100552 0.653446 0.012082 0.023242
0 0.025651 0.276942 0.015170 0.015368
0 0.711571 0.985689 0.005396 0.009011
0 0.854013 0.953309 0.009103 0.012594
