0 0.991343 0.476430 0.017315 0.045989
0 0.758732 0.444306 0.003793 0.011748
0 0.753844 0.542602 0.012407 0.015304
0 0.840696 0.446115 0.008146 0.007122
0 0.980743 0.498780 0.023304 0.033683
0 0.777769 0.393979 0.010894 0.023860
0 0.768632 0.404781 0.007154 0.012149
0 0.724652 0.416713 0.004389 0.006507
0 0.881209 0.679068 0.011055 0.021477
0 0.985893 0.750620 0.015218 0.021608
0 0.616294 0.836399 0.080914 0.094462
0 0.432629 0.948877 0.010924 0.013536
0 0.485142 0.751307 0.009266 0.013015
0 0.755703 0.186444 0.008900 0.013496
0 0.703694 0.083591 0.009366 0.012182
