0 0.745252 0.709943 0.021541 0.021243
0 0.142275 0.656671 0.010957 0.010120
0 0.051276 0.528705 0.025729 0.032390
0 0.299861 0.561569 0.009552 0.012744
0 0.262776 0.534206 0.015170 0.015745
0 0.230606 0.516775 0.009274 0.018369
0 0.351275 0.514901 0.011237 0.016868
0 0.327818 0.659980 0.006047 0.008850
0 0.268017 0.573553 0.008975 0.009893
0 0.744778 0.467856 0.012137 0.017096
0 0.746701 0.530787 0.009103 0.012597
0 0.780921 0.576444 0.014161 0.017540
0 0.872399 0.565822 0.007998 0.013536
0 0.879524 0.718065 0.011473 0.014993
0 0.980878 0.487181 0.009171 0.009890
