0 0.631513 0.548663 0.007725 0.012807
0 0.318551 0.125003 0.012292 0.010414
0 0.264994 0.154549 0.011706 0.013797
0 0.237768 0.196917 0.007685 0.009174
0 0.076356 0.434659 0.013149 0.017092
0 0.397549 0.534143 0.016390 0.019783
0 0.434463 0.310582 0.015609 0.018483
0 0.579297 0.411514 0.010113 0.009372
0 0.845978 0.769577 0.027252 0.047229
0 0.706785 0.562876 0.002808 0.011247
0 0.674007 0.490403 0.012643 0.020618
0 0.650594 0.480563 0.017796 0.020932
0 0.677913 0.223707 0.005827 0.007052
0 0.447906 0.207548 0.008196 0.015097
0 0.445663 0.177873 0.016195 0.010411
0 0.478865 0.155881 0.007715 0.011173
0 0.336395 0.025216 0.005827 0.011568
0 0.234919 0.048409 0.006666 0.010849
0 0.227844 0.030948 0.015609 0.013666
0 0.700790 0.065349 0.018730 0.017804
0 0.748994 0.218561 0.002733 0.003125
0 0.623377 0.262122 0.006503 0.007233
0 0.732764 0.308725 0.004391 0.004555
