0 0.308716 0.773840 0.014436 0.014318
0 0.169157 0.639778 0.008780 0.010150
0 0.009252 0.596395 0.018505 0.044047
0 0.908154 0.280316 0.010676 0.015745
0 0.475665 0.468693 0.007588 0.012473
0 0.162082 0.926903 0.009835 0.011995
0 0.482341 0.495259 0.010113 0.007871
0 0.281742 0.849855 0.008129 0.007383
0 0.250462 0.842764 0.018860 0.016484
0 0.796053 0.845635 0.019106 0.025488
0 0.986263 0.076813 0.012174 0.023118
0 0.934743 0.098835 0.006581 0.009061
0 0.962097 0.307493 0.009554 0.010120
0 0.677659 0.596332 0.014517 0.014368
0 0.805165 0.743215 0.011057 0.016918
0 0.754851 0.874816 0.014752 0.012807
0 0.803640 0.837950 0.010115 0.016868
0 0.750118 0.789407 0.025566 0.026240
0 0.333442 0.850912 0.009890 0.011751
0 0.503686 0.694861 0.028484 0.031501
0 0.580098 0.432801 0.012410 0.012493
0 0.291735 0.861454 0.011180 0.011297
0 0.557387 0.455292 0.012410 0.011247
0 0.489608 0.419525 0.043079 0.053416
