0 0.779022 0.439317 0.017477 0.022670
0 0.784362 0.349602 0.014567 0.015548
0 0.695645 0.228309 0.034632 0.047507
0 0.876604 0.460043 0.012623 0.027854
0 0.831212 0.346688 0.016994 0.034332
0 0.858399 0.601252 0.014078 0.017490
0 0.475941 0.929333 0.007753 0.016193
0 0.406320 0.946651 0.009439 0.014846
0 0.342295 0.896591 0.005150 0.007186
0 0.237659 0.909674 0.005659 0.015097
0 0.313427 0.579681 0.007024 0.008747
0 0.288164 0.479408 0.007490 0.010307
0 0.108925 0.303444 0.007866 0.015745
0 0.461348 0.129449 0.008662 0.012493
0 0.693635 0.143712 0.076533 0.089515
0 0.777808 0.370331 0.009223 0.012955
0 0.660128 0.465944 0.010957 0.016494
0 0.625852 0.380102 0.008707 0.020993
0 0.583709 0.338118 0.016015 0.020241
0 0.598313 0.261803 0.010068 0.015618
0 0.509579 0.258210 0.013813 0.013432
0 0.511206 0.244154 0.006766 0.004686
