0 0.397231 0.917649 0.009106 0.017356
0 0.404661 0.934004 0.008129 0.010414
0 0.441568 0.919579 0.007806 0.010628
0 0.234791 0.931775 0.010534 0.013275
0 0.359201 0.269504 0.008292 0.013232
0 0.404481 0.361006 0.011708 0.011063
0 0.019246 0.949094 0.025286 0.032614
0 0.315284 0.436932 0.007588 0.007594
0 0.210631 0.790794 0.014329 0.010124
0 0.376973 0.796980 0.066866 0.043372
0 0.485812 0.926715 0.038838 0.057219
0 0.488442 0.886770 0.014970 0.046420
0 0.530922 0.880832 0.009304 0.011878
0 0.440253 0.580648 0.005852 0.014057
0 0.052554 0.215998 0.031691 0.047684
0 0.608919 0.839393 0.007492 0.013118
0 0.501384 0.251964 0.008895 0.014368
0 0.974400 0.369596 0.019121 0.015100
0 0.937401 0.454736 0.006180 0.008997
0 0.877530 0.458334 0.014890 0.020993
0 0.905091 0.387074 0.019106 0.031862
0 0.564435 0.796598 0.007958 0.019365
0 0.510496 0.725369 0.007024 0.011715
0 0.348006 0.615480 0.008662 0.013118
