0 0.639460 0.339094 0.032262 0.039639
0 0.638779 0.297436 0.015804 0.045033
0 0.590095 0.335276 0.006087 0.015304
0 0.544894 0.331482 0.009106 0.019522
0 0.551965 0.348944 0.007317 0.010628
0 0.517237 0.371658 0.009920 0.017139
0 0.535724 0.415476 0.013006 0.021474
0 0.598516 0.454395 0.005529 0.007594
0 0.616368 0.468951 0.007806 0.013015
0 0.520377 0.472904 0.004336 0.004338
0 0.505879 0.479143 0.006774 0.007049
0 0.382429 0.560277 0.008780 0.013015
0 0.178571 0.481613 0.026701 0.038219
0 0.162549 0.349149 0.027673 0.036273
0 0.372216 0.343491 0.011005 0.015932
0 0.329488 0.232129 0.009366 0.014993
0 0.350676 0.189021 0.012876 0.017493
0 0.326678 0.150909 0.007024 0.006250
0 0.499902 0.022595 0.006633 0.012497
0 0.659177 0.126375 0.007152 0.013232
0 0.525675 0.186875 0.062918 0.060628
0 0.681226 0.294530 0.009321 0.011661
0 0.712918 0.205383 0.007305 0.016868
