0 0.225380 0.824868 0.019386 0.027363
0 0.748438 0.583468 0.028940 0.025164
0 0.754796 0.674405 0.016586 0.011497
0 0.803978 0.635249 0.008943 0.014749
0 0.794631 0.642841 0.014957 0.024733
0 0.241860 0.926283 0.011706 0.015836
0 0.012627 0.689835 0.006911 0.005424
0 0.038468 0.796090 0.003274 0.004820
0 0.050834 0.804900 0.010160 0.015909
0 0.149867 0.717779 0.008231 0.009101
0 0.284833 0.589693 0.005203 0.009111
0 0.291850 0.559562 0.013600 0.014706
0 0.487864 0.475545 0.028875 0.023429
0 0.663647 0.383479 0.011869 0.014318
0 0.461301 0.278705 0.008895 0.008747
0 0.454629 0.250745 0.006789 0.014057
0 0.562444 0.219820 0.012643 0.011557
0 0.537392 0.239968 0.012174 0.009997
0 0.466951 0.200361 0.044664 0.052467
0 0.799816 0.536937 0.012032 0.022343
0 0.149140 0.423142 0.007998 0.009111
0 0.425440 0.888237 0.005418 0.006688
0 0.476518 0.907868 0.009213 0.011571
0 0.266928 0.642853 0.007678 0.007985
0 0.276410 0.654684 0.011473 0.011247
0 0.320544 0.644687 0.008427 0.012497
0 0.232774 0.631103 0.012307 0.014311
0 0.855094 0.846208 0.009366 0.019001
0 0.027178 0.807087 0.003725 0.006327
0 0.036662 0.832996 0.005308 0.006628
