0 0.053908 0.438112 0.024975 0.022386
0 0.117513 0.404791 0.007806 0.009890
0 0.163753 0.407004 0.008196 0.014836
0 0.022690 0.545742 0.005200 0.013449
0 0.260997 0.482704 0.013332 0.020608
0 0.522710 0.929223 0.010145 0.015097
0 0.575834 0.924569 0.008943 0.011063
0 0.589654 0.898103 0.005040 0.008025
0 0.712807 0.493984 0.009832 0.015368
0 0.745969 0.132918 0.009559 0.014318
0 0.874677 0.139632 0.010536 0.013122
0 0.756155 0.332970 0.008196 0.012236
0 0.978829 0.237146 0.008585 0.009111
0 0.861746 0.094208 0.020486 0.045555
0 0.765656 0.211688 0.006047 0.012233
0 0.934872 0.535105 0.011939 0.014368
0 0.843282 0.897401 0.012174 0.013118
0 0.504766 0.872266 0.011220 0.012801
