0 0.897997 0.158453 0.039021 0.045555
0 0.199815 0.148957 0.008292 0.005856
0 0.310589 0.164831 0.014048 0.016661
0 0.595621 0.761706 0.009274 0.011621
0 0.004593 0.156202 0.009186 0.029241
0 0.049448 0.318344 0.018730 0.019054
0 0.131236 0.305426 0.017963 0.018787
0 0.891886 0.348615 0.018262 0.041233
0 0.638885 0.719636 0.003577 0.004338
0 0.756374 0.728436 0.016155 0.018429
0 0.409083 0.755578 0.023086 0.018222
0 0.369727 0.521230 0.009364 0.013015
0 0.385919 0.557413 0.010145 0.014579
0 0.326101 0.796878 0.007803 0.005989
0 0.507425 0.524390 0.013813 0.019682
0 0.459325 0.447940 0.008264 0.011207
0 0.387176 0.512893 0.007723 0.014281
0 0.362237 0.721811 0.039850 0.059699
0 0.492792 0.590053 0.018264 0.026865
