0 0.413595 0.651638 0.039243 0.048041
0 0.394339 0.465292 0.051343 0.055070
0 0.281588 0.672141 0.035235 0.033580
0 0.043555 0.108055 0.032049 0.020080
0 0.372531 0.655954 0.023464 0.031848
0 0.128809 0.437761 0.019421 0.016197
0 0.388884 0.146987 0.028159 0.036273
0 0.495450 0.192652 0.013109 0.017490
0 0.249460 0.061462 0.033585 0.051280
0 0.280936 0.013486 0.019216 0.022941
0 0.288184 0.030580 0.010115 0.011247
0 0.318191 0.016634 0.014835 0.016644
0 0.263067 0.149109 0.013825 0.017991
0 0.249346 0.198486 0.014329 0.015368
0 0.046470 0.073725 0.039810 0.038219
0 0.049868 0.028707 0.021360 0.031090
0 0.116866 0.062390 0.014564 0.020729
0 0.116291 0.205388 0.015218 0.014993
0 0.132679 0.223974 0.011941 0.012807
0 0.240815 0.645762 0.016521 0.021591
0 0.308919 0.633842 0.026636 0.017543
0 0.314818 0.654985 0.007417 0.013045
0 0.509196 0.417259 0.022655 0.035628
0 0.165284 0.015687 0.024161 0.031374
