0 0.856991 0.691120 0.025566 0.029238
0 0.428122 0.417806 0.011511 0.020043
0 0.893784 0.241664 0.009306 0.009178
0 0.691589 0.387069 0.015919 0.019993
0 0.789518 0.610025 0.008975 0.011975
0 0.776780 0.692993 0.014046 0.020993
0 0.492751 0.513008 0.006017 0.008028
0 0.275549 0.276716 0.007024 0.011715
0 0.136754 0.779823 0.004684 0.024679
0 0.929628 0.886845 0.008895 0.016243
0 0.924766 0.759627 0.011165 0.014896
0 0.433427 0.243750 0.015170 0.017580
0 0.726210 0.853844 0.008091 0.019432
0 0.366774 0.703969 0.008091 0.014395
0 0.574479 0.765829 0.012410 0.019679
0 0.458712 0.220695 0.008993 0.010461
0 0.274732 0.789886 0.013487 0.015294
