0 0.674793 0.183829 0.009271 0.011621
0 0.673025 0.142632 0.012362 0.016494
0 0.559186 0.214664 0.010080 0.017570
0 0.453785 0.047854 0.010536 0.015307
0 0.149654 0.050416 0.024349 0.019368
0 0.198117 0.052293 0.007492 0.009372
0 0.114265 0.477243 0.032858 0.038242
0 0.230665 0.383501 0.027963 0.033580
0 0.252211 0.347194 0.010519 0.023753
0 0.242018 0.078999 0.007257 0.009061
0 0.196144 0.209475 0.014161 0.019345
0 0.142033 0.260755 0.012472 0.013944
0 0.641387 0.844223 0.020388 0.036922
0 0.860790 0.081141 0.023264 0.069723
