0 0.003716 0.394275 0.007432 0.018743
0 0.085746 0.107169 0.012360 0.014619
0 0.167786 0.142219 0.010115 0.017246
0 0.323252 0.756322 0.010145 0.016922
0 0.482856 0.742488 0.028547 0.040418
0 0.562918 0.368857 0.006463 0.012747
0 0.469225 0.319504 0.019822 0.016735
0 0.391485 0.986190 0.027645 0.027620
0 0.744145 0.871521 0.033790 0.054412
0 0.205018 0.085018 0.008973 0.010932
0 0.217895 0.067707 0.006245 0.009632
0 0.031889 0.791506 0.013823 0.013045
0 0.049440 0.969469 0.004877 0.010936
0 0.216060 0.951247 0.013462 0.018743
0 0.560767 0.160535 0.005731 0.011243
0 0.466365 0.230033 0.013823 0.010795
