0 0.540402 0.551029 0.010453 0.010795
0 0.507233 0.691419 0.010113 0.012370
0 0.301156 0.629803 0.009106 0.011497
0 0.112772 0.455135 0.009171 0.007811
0 0.091211 0.503035 0.011315 0.013536
0 0.158065 0.136710 0.012082 0.019870
0 0.024049 0.235485 0.017698 0.014993
0 0.851733 0.381664 0.015922 0.016557
0 0.880765 0.422117 0.014046 0.014997
0 0.957759 0.701811 0.015804 0.030715
0 0.756701 0.606890 0.006789 0.012497
0 0.875228 0.782899 0.010731 0.014836
0 0.517307 0.647966 0.014835 0.021140
0 0.523546 0.585891 0.014496 0.009449
