0 0.268300 0.494923 0.004421 0.007908
0 0.122327 0.648686 0.027816 0.072721
0 0.247843 0.338800 0.009950 0.009632
0 0.287450 0.398839 0.012680 0.017791
0 0.426581 0.661118 0.021072 0.028426
0 0.395701 0.776883 0.011383 0.009328
0 0.429156 0.817587 0.006548 0.005876
0 0.338811 0.835520 0.014632 0.016053
0 0.369379 0.733952 0.008943 0.009977
0 0.335203 0.661380 0.009213 0.011932
0 0.302712 0.570306 0.011651 0.014823
0 0.355601 0.468646 0.014634 0.013536
0 0.307968 0.490817 0.010731 0.012149
0 0.492816 0.566061 0.013813 0.020304
0 0.644416 0.860343 0.010927 0.011193
0 0.167682 0.980932 0.015218 0.023115
