0 0.401359 0.607390 0.004967 0.010695
0 0.773081 0.527644 0.003793 0.007774
0 0.054980 0.974484 0.019674 0.019957
0 0.121258 0.625227 0.016583 0.026551
0 0.100773 0.623274 0.015023 0.019001
0 0.393300 0.624631 0.003930 0.005785
0 0.048776 0.597632 0.019121 0.020826
0 0.027900 0.665055 0.007412 0.008332
0 0.141373 0.208436 0.003512 0.004425
0 0.269602 0.385164 0.010396 0.015742
0 0.213412 0.375979 0.010396 0.013122
0 0.193183 0.359111 0.008149 0.009372
0 0.224509 0.338867 0.007866 0.009372
0 0.127131 0.307744 0.015609 0.017701
0 0.131423 0.246962 0.011318 0.017961
0 0.332085 0.034002 0.007182 0.005244
0 0.413313 0.051898 0.008129 0.016451
0 0.487927 0.112584 0.026285 0.027841
0 0.949054 0.599654 0.009441 0.017991
0 0.830054 0.733215 0.017793 0.010307
0 0.094850 0.520035 0.021072 0.026989
