0 0.528948 0.769539 0.013592 0.018783
0 0.309022 0.680471 0.011651 0.019432
0 0.286688 0.565821 0.035927 0.055705
0 0.394954 0.502988 0.012623 0.019432
0 0.628715 0.394815 0.039324 0.057002
0 0.217480 0.805032 0.006087 0.014054
0 0.388726 0.562707 0.015283 0.013884
0 0.928523 0.626532 0.013204 0.013493
0 0.951420 0.651835 0.006182 0.013122
0 0.833279 0.887005 0.019218 0.022941
0 0.804608 0.794477 0.017963 0.027851
0 0.535016 0.833989 0.014081 0.022022
0 0.370679 0.707677 0.019419 0.027206
0 0.753922 0.798028 0.015373 0.011337
