0 0.114527 0.075719 0.028277 0.051878
0 0.253423 0.276950 0.007608 0.010411
0 0.217817 0.275388 0.014827 0.013015
0 0.259862 0.248316 0.005656 0.013536
0 0.593233 0.702027 0.005338 0.011247
0 0.437905 0.667418 0.003930 0.006507
0 0.160616 0.057812 0.024274 0.031848
0 0.118020 0.189383 0.020283 0.041233
0 0.343920 0.165496 0.010065 0.019027
0 0.378858 0.439776 0.007415 0.013797
0 0.375307 0.483157 0.011005 0.013432
0 0.357162 0.443484 0.010301 0.010311
0 0.244547 0.477221 0.007024 0.013432
0 0.346309 0.657457 0.044166 0.067025
0 0.394351 0.695018 0.024274 0.017991
0 0.488109 0.520297 0.017560 0.026551
0 0.503795 0.449699 0.012410 0.020929
0 0.066361 0.340518 0.005899 0.013496
0 0.170455 0.332834 0.015173 0.018369
0 0.385659 0.717567 0.010160 0.007955
0 0.890927 0.690384 0.021363 0.020729
0 0.919751 0.716536 0.008129 0.007229
0 0.984059 0.652691 0.005463 0.005468
0 0.899247 0.439328 0.015734 0.023991
0 0.922426 0.403531 0.015453 0.011621
0 0.309175 0.731034 0.007182 0.005966
