0 0.317853 0.244607 0.008768 0.024743
0 0.503562 0.133384 0.006323 0.009682
0 0.219609 0.593446 0.017194 0.015294
0 0.210506 0.671492 0.007756 0.011247
0 0.293781 0.644502 0.015844 0.013944
0 0.284173 0.551613 0.006743 0.007196
0 0.827430 0.104739 0.010536 0.014372
0 0.661055 0.167223 0.013768 0.014619
0 0.495529 0.283742 0.010115 0.016641
0 0.605774 0.191527 0.008091 0.022941
0 0.569195 0.270022 0.011801 0.009896
0 0.512600 0.614724 0.003793 0.006688
0 0.589491 0.671088 0.031017 0.034636
0 0.435010 0.200573 0.006438 0.007811
0 0.545655 0.038994 0.008194 0.014579
0 0.411830 0.017274 0.006320 0.005311
0 0.555708 0.367634 0.006405 0.019793
0 0.549310 0.421024 0.011941 0.015932
0 0.565817 0.401501 0.003747 0.005000
0 0.490427 0.399469 0.013580 0.022179
0 0.499324 0.383538 0.009364 0.009061
0 0.608428 0.523484 0.010769 0.014682
0 0.493903 0.633072 0.011924 0.015909
0 0.390076 0.539343 0.008780 0.012149
