0 0.782305 0.285685 0.010752 0.013910
0 0.932300 0.298295 0.011728 0.016277
0 0.797188 0.761471 0.009502 0.014492
0 0.593228 0.645590 0.007332 0.011006
0 0.062405 0.855561 0.009279 0.010869
0 0.082610 0.878705 0.005281 0.006795
0 0.844873 0.821690 0.007918 0.008453
0 0.818288 0.893989 0.007693 0.009963
0 0.813085 0.909235 0.007693 0.009659
0 0.993501 0.869823 0.012998 0.021009
0 0.684528 0.679398 0.009121 0.012607
0 0.718298 0.619840 0.005368 0.007687
0 0.555416 0.995125 0.019704 0.009749
0 0.025367 0.637000 0.008960 0.010866
