0 0.258457 0.935237 0.009559 0.013797
0 0.345658 0.760590 0.009917 0.014101
0 0.423952 0.803247 0.005058 0.008546
0 0.364682 0.820914 0.014564 0.014034
0 0.404436 0.559211 0.028487 0.028376
0 0.849126 0.744763 0.009835 0.008997
0 0.022163 0.648576 0.013074 0.014057
0 0.038358 0.597816 0.011511 0.016661
0 0.018940 0.852732 0.016623 0.018432
0 0.020462 0.870383 0.018730 0.018118
0 0.082523 0.712346 0.005691 0.008028
0 0.109408 0.860197 0.005383 0.006872
0 0.127084 0.794597 0.007024 0.008747
0 0.152861 0.702478 0.010536 0.007811
0 0.326244 0.594596 0.009271 0.019866
0 0.285645 0.640702 0.011801 0.015368
0 0.240214 0.934586 0.004682 0.007807
0 0.445519 0.932508 0.005366 0.004555
0 0.467057 0.955767 0.016859 0.024743
0 0.818749 0.832665 0.017868 0.017543
0 0.864867 0.274736 0.007219 0.013015
0 0.950651 0.355737 0.010536 0.011247
0 0.633439 0.101471 0.006829 0.006725
0 0.612629 0.045740 0.018860 0.019957
0 0.551298 0.182961 0.009349 0.007955
0 0.543682 0.094977 0.006909 0.012654
0 0.522477 0.092537 0.006232 0.008857
0 0.481249 0.079890 0.005659 0.014318
0 0.472957 0.127009 0.004682 0.009111
0 0.393110 0.253252 0.011240 0.013870
0 0.373303 0.188215 0.015453 0.032988
0 0.325681 0.271432 0.017420 0.024743
0 0.278456 0.882263 0.005854 0.007807
