0 0.795942 0.528959 0.010396 0.011621
0 0.439495 0.129587 0.019892 0.025191
0 0.232152 0.096750 0.015170 0.020692
0 0.666438 0.646143 0.009709 0.014251
0 0.746941 0.654836 0.030892 0.040782
0 0.780436 0.624684 0.007154 0.016487
0 0.739891 0.566257 0.010113 0.018743
0 0.364537 0.658546 0.016578 0.013870
0 0.326889 0.672039 0.011518 0.009372
0 0.370858 0.576496 0.008194 0.012497
0 0.382565 0.579099 0.006633 0.006247
0 0.417489 0.537318 0.004682 0.008593
0 0.370566 0.477498 0.006438 0.007029
0 0.409976 0.461357 0.022047 0.023168
0 0.437000 0.459794 0.008585 0.016400
0 0.358191 0.337650 0.008196 0.012807
0 0.151855 0.705478 0.016295 0.014619
0 0.088360 0.734716 0.016295 0.016116
0 0.057173 0.705665 0.012362 0.018743
0 0.155676 0.881434 0.011237 0.016116
0 0.201331 0.883122 0.009832 0.014993
0 0.279014 0.953173 0.032027 0.031935
0 0.041306 0.988347 0.006340 0.013666
0 0.202449 0.797014 0.006015 0.008459
0 0.238552 0.677487 0.008196 0.009057
0 0.272033 0.694825 0.007728 0.009997
0 0.292869 0.721377 0.005383 0.009372
0 0.337495 0.759315 0.010145 0.014057
0 0.372907 0.748381 0.005268 0.007289
0 0.458095 0.735015 0.006180 0.011995
0 0.471159 0.710274 0.010959 0.010495
0 0.550247 0.845973 0.007868 0.009746
0 0.520044 0.920568 0.019947 0.043483
0 0.530018 0.906136 0.021914 0.037861
0 0.868117 0.930241 0.005899 0.010869
0 0.946869 0.417475 0.011518 0.012744
0 0.807218 0.048934 0.018880 0.019793
0 0.068697 0.403603 0.014970 0.012413
0 0.083045 0.018461 0.012878 0.010311
0 0.169063 0.964885 0.005962 0.007229
