([[2.3611e+03, 4.6043e+02, 2.5617e+03, 7.4562e+02, 7.8733e-01, 0.0000e+00],
        [2.9966e+03, 7.8923e+02, 3.0357e+03, 8.3648e+02, 7.7023e-01, 0.0000e+00],
        [1.1031e+03, 2.5707e+03, 1.1316e+03, 2.6026e+03, 7.2171e-01, 0.0000e+00],
        [1.9371e+03, 2.4079e+03, 2.0036e+03, 2.4559e+03, 7.1696e-01, 0.0000e+00],
        [1.6207e+03, 2.4257e+03, 1.7007e+03, 2.4838e+03, 6.5476e-01, 0.0000e+00],
        [2.7955e+03, 1.8087e+03, 2.9258e+03, 1.9685e+03, 6.4963e-01, 0.0000e+00],
        [1.1258e+03, 1.4502e+03, 1.1814e+03, 1.5128e+03, 6.4862e-01, 0.0000e+00],
        [2.8770e+03, 1.8274e+03, 2.9933e+03, 1.9548e+03, 6.2629e-01, 0.0000e+00],
        [1.6799e+03, 1.4698e+03, 1.7228e+03, 1.5188e+03, 6.2015e-01, 0.0000e+00],
        [7.2664e+02, 1.2308e+03, 7.7671e+02, 1.2837e+03, 6.0806e-01, 0.0000e+00],
        [2.7942e+03, 1.8043e+03, 2.9815e+03, 1.9706e+03, 6.0788e-01, 0.0000e+00],
        [1.2360e+03, 2.3074e+03, 1.2751e+03, 2.3582e+03, 5.8833e-01, 0.0000e+00],
        [9.5425e+02, 1.3181e+03, 9.8173e+02, 1.3531e+03, 5.7163e-01, 0.0000e+00],
        [1.9591e+03, 2.6827e+03, 1.9935e+03, 2.7305e+03, 5.5016e-01, 0.0000e+00],
        [3.4593e+03, 8.2014e+02, 3.4954e+03, 8.6167e+02, 5.4135e-01, 0.0000e+00],
        [2.8514e+03, 2.2204e+03, 2.8785e+03, 2.2549e+03, 5.3969e-01, 0.0000e+00],
        [1.6883e+03, 1.2948e+03, 1.7258e+03, 1.3329e+03, 5.0730e-01, 0.0000e+00],
        [2.3234e+03, 2.2600e+03, 2.3577e+03, 2.2853e+03, 4.9593e-01, 0.0000e+00],
        [2.0874e+03, 1.5871e+03, 2.1325e+03, 1.6182e+03, 4.7658e-01, 0.0000e+00],
        [2.9884e+03, 6.9201e+02, 3.0278e+03, 7.4158e+02, 4.7147e-01, 0.0000e+00],
        [8.0664e+01, 1.9439e+03, 1.1080e+02, 1.9695e+03, 4.6184e-01, 0.0000e+00],
        [1.7309e+03, 2.7180e+03, 1.7543e+03, 2.7388e+03, 4.6000e-01, 0.0000e+00],
        [3.2858e+03, 2.3984e+02, 3.3148e+03, 2.7326e+02, 4.5774e-01, 0.0000e+00],
        [1.3404e+03, 2.8839e+03, 1.3656e+03, 2.9118e+03, 4.5527e-01, 0.0000e+00],
        [3.2361e+03, 2.7923e+02, 3.2884e+03, 3.1622e+02, 4.4308e-01, 0.0000e+00],
        [3.1611e+03, 1.1687e+03, 3.1902e+03, 1.1994e+03, 4.3919e-01, 0.0000e+00],
        [2.8012e+03, 7.3169e+02, 2.8189e+03, 7.5378e+02, 4.3670e-01, 0.0000e+00],
        [6.1437e+02, 1.3347e+02, 6.5577e+02, 1.6835e+02, 4.1795e-01, 0.0000e+00],
        [2.9520e+03, 2.4485e+03, 2.9845e+03, 2.4909e+03, 3.8854e-01, 0.0000e+00],
        [1.8781e+03, 3.6473e+02, 1.9197e+03, 3.9962e+02, 3.8034e-01, 0.0000e+00],
        [2.1422e+02, 2.8369e+03, 2.4721e+02, 2.8595e+03, 3.7301e-01, 0.0000e+00],
        [2.5001e+03, 3.3386e+02, 2.5236e+03, 3.6123e+02, 3.6753e-01, 0.0000e+00],
        [2.7406e+03, 2.3854e+03, 2.7682e+03, 2.4163e+03, 3.5957e-01, 0.0000e+00],
        [9.0669e+02, 1.2116e+03, 9.3845e+02, 1.2480e+03, 3.5113e-01, 0.0000e+00],
        [3.2140e+03, 1.5930e+03, 3.2624e+03, 1.6407e+03, 3.4661e-01, 0.0000e+00],
        [3.2004e+03, 1.7677e+03, 3.2505e+03, 1.8173e+03, 3.2756e-01, 0.0000e+00],
        [1.5782e+03, 2.3295e+03, 1.5973e+03, 2.3553e+03, 3.1383e-01, 0.0000e+00],
        [2.0820e+03, 1.5537e+03, 2.1348e+03, 1.6165e+03, 3.1073e-01, 0.0000e+00],
        [2.7534e+03, 1.7144e+03, 2.7881e+03, 1.7442e+03, 2.9529e-01, 0.0000e+00],
        [2.0009e+03, 2.9637e+03, 2.0247e+03, 2.9908e+03, 2.8372e-01, 0.0000e+00],
        [1.9443e+03, 1.6528e+03, 1.9711e+03, 1.6795e+03, 2.7836e-01, 0.0000e+00],
        [2.4058e+03, 1.9660e+03, 2.4317e+03, 1.9892e+03, 2.7780e-01, 0.0000e+00],
        [3.5405e+03, 4.5741e+02, 3.5649e+03, 4.7867e+02, 2.7468e-01, 0.0000e+00]])