([[2.2276e+03, 1.4922e+03, 2.3001e+03, 1.5681e+03, 6.6039e-01, 0.0000e+00],
        [2.8129e+03, 9.4945e+02, 2.8553e+03, 9.9094e+02, 6.5827e-01, 0.0000e+00],
        [2.4129e+03, 1.7402e+03, 2.6060e+03, 1.9560e+03, 6.4602e-01, 0.0000e+00],
        [2.8439e+03, 1.8585e+03, 2.8817e+03, 1.8891e+03, 5.6877e-01, 0.0000e+00],
        [3.0096e+03, 1.4939e+03, 3.0487e+03, 1.5403e+03, 5.6426e-01, 0.0000e+00],
        [1.5565e+03, 4.4898e+01, 1.5925e+03, 8.9805e+01, 5.4430e-01, 0.0000e+00],
        [2.5008e+03, 5.2407e+02, 2.5608e+03, 5.5506e+02, 5.3986e-01, 0.0000e+00],
        [1.2792e+03, 2.1824e+03, 1.3308e+03, 2.2369e+03, 5.2352e-01, 0.0000e+00],
        [1.4598e+03, 4.1474e+02, 1.4933e+03, 4.5272e+02, 4.7615e-01, 0.0000e+00],
        [1.9120e+03, 3.6212e+02, 1.9458e+03, 4.1290e+02, 4.5021e-01, 0.0000e+00],
        [2.7347e+03, 5.1169e+02, 2.7624e+03, 5.4691e+02, 4.3895e-01, 0.0000e+00],
        [8.8389e+02, 2.3912e+03, 9.2512e+02, 2.4270e+03, 4.1070e-01, 0.0000e+00],
        [2.7288e+03, 2.4273e+01, 2.7767e+03, 7.6107e+01, 4.0547e-01, 0.0000e+00],
        [2.1693e+02, 3.7013e+02, 2.5718e+02, 4.1078e+02, 3.7218e-01, 0.0000e+00],
        [1.1562e+03, 3.0513e+02, 1.1852e+03, 3.6543e+02, 3.4735e-01, 0.0000e+00],
        [2.3125e+03, 5.7119e+02, 2.3748e+03, 6.0351e+02, 3.2799e-01, 0.0000e+00],
        [1.3885e+03, 1.4486e+03, 1.4181e+03, 1.4805e+03, 3.1311e-01, 0.0000e+00],
        [6.3607e+02, 2.5096e+02, 6.6782e+02, 2.7428e+02, 3.0083e-01, 0.0000e+00],
        [6.0454e+02, 1.8803e+01, 6.4258e+02, 6.6388e+01, 2.9842e-01, 0.0000e+00],
        [1.3144e+03, 1.7327e+03, 1.3506e+03, 1.7634e+03, 2.9116e-01, 0.0000e+00]])