([[2.5233e+03, 1.1734e+03, 2.6422e+03, 1.2774e+03, 7.5237e-01, 0.0000e+00],
        [2.2552e+03, 1.3776e+03, 2.3654e+03, 1.4995e+03, 7.4908e-01, 0.0000e+00],
        [1.2010e+03, 1.7290e+03, 1.3570e+03, 1.8079e+03, 7.2447e-01, 0.0000e+00],
        [1.2883e+03, 1.5734e+03, 1.4393e+03, 1.7359e+03, 7.0734e-01, 0.0000e+00],
        [2.8083e+03, 1.2741e+03, 2.8592e+03, 1.3267e+03, 6.7172e-01, 0.0000e+00],
        [1.4665e+03, 1.5220e+03, 1.5613e+03, 1.6028e+03, 6.2478e-01, 0.0000e+00],
        [1.6863e+03, 1.7108e+03, 1.7305e+03, 1.7566e+03, 6.0754e-01, 0.0000e+00],
        [2.9032e+03, 1.9792e+03, 2.9555e+03, 2.0215e+03, 6.0659e-01, 0.0000e+00],
        [3.3446e+03, 2.0418e+03, 3.4032e+03, 2.0963e+03, 5.8197e-01, 0.0000e+00],
        [3.3664e+03, 2.2821e+03, 3.4463e+03, 2.4099e+03, 5.6273e-01, 0.0000e+00],
        [2.2606e+03, 1.5107e+03, 2.3323e+03, 1.5691e+03, 5.5144e-01, 0.0000e+00],
        [3.6258e+03, 1.5447e+03, 3.6522e+03, 1.5811e+03, 5.3972e-01, 0.0000e+00],
        [2.3230e+03, 1.2875e+03, 2.4026e+03, 1.3521e+03, 5.3937e-01, 0.0000e+00],
        [1.3125e+03, 2.2476e+03, 1.3710e+03, 2.3085e+03, 5.1917e-01, 0.0000e+00],
        [2.5025e+03, 2.3732e+03, 2.5792e+03, 2.4560e+03, 5.1364e-01, 0.0000e+00],
        [1.1309e+03, 1.6590e+03, 1.1635e+03, 1.6904e+03, 5.0484e-01, 0.0000e+00],
        [3.3649e+03, 2.2824e+03, 3.4452e+03, 2.3659e+03, 5.0454e-01, 0.0000e+00],
        [1.8376e+03, 2.3533e+03, 1.8876e+03, 2.3863e+03, 4.7079e-01, 0.0000e+00],
        [2.8187e+03, 1.8987e+03, 2.8747e+03, 1.9587e+03, 4.6865e-01, 0.0000e+00],
        [3.3265e+03, 1.3353e+03, 3.3571e+03, 1.3616e+03, 4.5249e-01, 0.0000e+00],
        [2.8147e+03, 1.8824e+03, 2.8781e+03, 1.9590e+03, 4.3111e-01, 0.0000e+00],
        [1.5506e+03, 2.2781e+03, 1.6127e+03, 2.3337e+03, 4.2968e-01, 0.0000e+00],
        [3.9452e+03, 2.2145e+03, 3.9895e+03, 2.2648e+03, 3.9288e-01, 0.0000e+00],
        [1.9962e+03, 1.6703e+03, 2.0199e+03, 1.6914e+03, 3.9067e-01, 0.0000e+00],
        [1.8792e+00, 2.7126e+03, 4.3796e+01, 2.7565e+03, 3.8660e-01, 0.0000e+00],
        [1.7378e+03, 2.0383e+03, 1.7671e+03, 2.0660e+03, 3.7880e-01, 0.0000e+00],
        [2.4912e+03, 1.5729e+03, 2.5533e+03, 1.6283e+03, 3.7545e-01, 0.0000e+00],
        [2.8067e+03, 1.8681e+03, 2.8830e+03, 1.9619e+03, 3.6604e-01, 0.0000e+00],
        [1.5308e+03, 2.2599e+03, 1.6160e+03, 2.3401e+03, 3.3977e-01, 0.0000e+00],
        [2.4428e+03, 1.3696e+03, 2.5020e+03, 1.4445e+03, 3.3284e-01, 0.0000e+00],
        [9.4784e+02, 2.1964e+03, 9.9181e+02, 2.2375e+03, 3.0943e-01, 0.0000e+00],
        [2.0724e+03, 1.1589e+03, 2.1271e+03, 1.2003e+03, 2.9743e-01, 0.0000e+00],
        [3.2491e+03, 2.4235e+03, 3.3010e+03, 2.4634e+03, 2.9383e-01, 0.0000e+00],
        [3.3784e+03, 2.6106e+03, 3.4197e+03, 2.6708e+03, 2.8780e-01, 0.0000e+00],
        [2.3126e+03, 2.6801e+03, 2.3439e+03, 2.7096e+03, 2.8526e-01, 0.0000e+00],
        [3.7657e+03, 1.9435e+03, 3.8022e+03, 1.9839e+03, 2.6781e-01, 0.0000e+00],
        [2.5427e+03, 2.4738e+03, 2.5737e+03, 2.5025e+03, 2.6688e-01, 0.0000e+00],
        [1.9740e+03, 1.3961e+03, 2.0005e+03, 1.4238e+03, 2.6567e-01, 0.0000e+00],
        [2.1659e+03, 1.2550e+03, 2.2040e+03, 1.2916e+03, 2.6180e-01, 0.0000e+00]])