([[2.8652e+03, 1.5136e+03, 3.0263e+03, 1.6703e+03, 7.5130e-01, 0.0000e+00],
        [5.6692e+02, 8.9296e+01, 5.9882e+02, 1.3720e+02, 6.9093e-01, 0.0000e+00],
        [3.8276e+03, 5.0851e+02, 3.8931e+03, 5.8052e+02, 6.6919e-01, 0.0000e+00],
        [3.1091e+03, 1.4433e+03, 3.1446e+03, 1.4769e+03, 6.3537e-01, 0.0000e+00],
        [1.9897e+03, 1.0042e+03, 2.0264e+03, 1.0615e+03, 5.9271e-01, 0.0000e+00],
        [2.0464e+03, 1.7024e+03, 2.0755e+03, 1.7331e+03, 5.7385e-01, 0.0000e+00],
        [1.0607e+03, 2.3978e+03, 1.0988e+03, 2.4310e+03, 5.4785e-01, 0.0000e+00],
        [1.4142e+03, 4.2779e+02, 1.4551e+03, 4.8233e+02, 5.3216e-01, 0.0000e+00],
        [3.6862e+03, 7.6751e+02, 3.7201e+03, 8.0066e+02, 5.1576e-01, 0.0000e+00],
        [2.8767e+03, 1.3062e+03, 2.9047e+03, 1.3335e+03, 5.1416e-01, 0.0000e+00],
        [2.6050e+03, 1.7393e+03, 2.6552e+03, 1.7868e+03, 4.8366e-01, 0.0000e+00],
        [1.1929e+03, 4.8499e+02, 1.2171e+03, 5.0953e+02, 4.4055e-01, 0.0000e+00],
        [5.1736e+02, 2.1189e+03, 5.5305e+02, 2.1466e+03, 3.9062e-01, 0.0000e+00],
        [1.2012e+03, 4.3160e+02, 1.2797e+03, 4.9427e+02, 3.8230e-01, 0.0000e+00],
        [1.7391e+03, 8.1227e+02, 1.7675e+03, 8.3750e+02, 3.6973e-01, 0.0000e+00],
        [3.6861e+02, 4.8698e+02, 4.0741e+02, 5.1384e+02, 3.0408e-01, 0.0000e+00],
        [9.4709e+02, 2.9156e+03, 9.6912e+02, 2.9400e+03, 2.7979e-01, 0.0000e+00],
        [2.1549e+03, 1.2772e+03, 2.1776e+03, 1.3006e+03, 2.6158e-01, 0.0000e+00]])