([[7.8246e+02, 1.7798e+03, 9.5642e+02, 1.9454e+03, 7.6946e-01, 0.0000e+00],
        [1.3577e+03, 2.0120e+03, 1.3973e+03, 2.0611e+03, 6.9733e-01, 0.0000e+00],
        [1.7421e+03, 1.3652e+03, 1.7813e+03, 1.4060e+03, 6.7481e-01, 0.0000e+00],
        [4.1920e+02, 2.2116e+03, 4.6182e+02, 2.2409e+03, 6.7466e-01, 0.0000e+00],
        [2.3619e+03, 1.0561e+03, 2.5747e+03, 1.2449e+03, 6.6600e-01, 0.0000e+00],
        [2.1954e+03, 2.1917e+03, 2.2361e+03, 2.2295e+03, 6.5493e-01, 0.0000e+00],
        [3.4248e+03, 2.3457e+03, 3.4508e+03, 2.3820e+03, 6.4735e-01, 0.0000e+00],
        [1.5525e+03, 1.2614e+03, 1.6186e+03, 1.3113e+03, 6.3633e-01, 0.0000e+00],
        [3.8018e+03, 5.7932e+02, 3.8683e+03, 6.2147e+02, 5.9292e-01, 0.0000e+00],
        [2.4096e+03, 4.4207e+02, 2.4981e+03, 5.1967e+02, 5.0723e-01, 0.0000e+00],
        [3.2670e+03, 2.9674e-01, 3.5769e+03, 1.0033e+02, 4.8552e-01, 0.0000e+00],
        [3.6267e+03, 1.9111e+03, 3.7357e+03, 1.9668e+03, 4.7826e-01, 0.0000e+00],
        [3.0718e+03, 0.0000e+00, 3.1145e+03, 3.2496e+01, 4.7799e-01, 0.0000e+00],
        [3.5701e+03, 1.5763e+03, 3.6071e+03, 1.6051e+03, 4.5532e-01, 0.0000e+00],
        [3.9448e+02, 1.9314e+03, 4.4233e+02, 1.9569e+03, 4.5124e-01, 0.0000e+00],
        [7.9548e+02, 1.6142e+03, 8.1861e+02, 1.6396e+03, 4.4127e-01, 0.0000e+00],
        [3.8918e+03, 8.7061e+02, 3.9198e+03, 9.0036e+02, 4.3098e-01, 0.0000e+00],
        [3.2736e+03, 8.4400e-01, 3.5306e+03, 7.7711e+01, 4.2725e-01, 0.0000e+00],
        [3.4317e+03, 2.3841e+03, 3.4732e+03, 2.4218e+03, 4.1684e-01, 0.0000e+00],
        [1.5378e+03, 1.5421e+03, 1.5639e+03, 1.5833e+03, 4.0606e-01, 0.0000e+00],
        [2.3561e+03, 3.0320e+02, 2.3819e+03, 3.3389e+02, 3.8721e-01, 0.0000e+00],
        [3.7372e+03, 1.4482e+03, 3.7687e+03, 1.4745e+03, 3.7908e-01, 0.0000e+00],
        [3.5829e+02, 1.8519e+03, 3.7612e+02, 1.8755e+03, 3.7558e-01, 0.0000e+00],
        [3.2706e+03, 7.9256e-01, 3.5954e+03, 1.3526e+02, 3.6634e-01, 0.0000e+00],
        [1.4994e+03, 1.1372e+03, 1.5283e+03, 1.1858e+03, 3.5574e-01, 0.0000e+00],
        [3.6485e+03, 2.0251e+03, 3.6967e+03, 2.0634e+03, 3.5096e-01, 0.0000e+00],
        [3.2760e+03, 9.8954e+02, 3.3297e+03, 1.0154e+03, 3.5068e-01, 0.0000e+00],
        [2.2620e+03, 1.6908e+03, 2.2875e+03, 1.7270e+03, 3.4206e-01, 0.0000e+00],
        [3.0186e+03, 2.2759e+03, 3.0963e+03, 2.3429e+03, 3.4125e-01, 0.0000e+00],
        [2.3467e+03, 2.2376e+01, 2.3682e+03, 4.9595e+01, 3.2454e-01, 0.0000e+00],
        [3.6181e+03, 1.9013e+03, 3.7389e+03, 2.0839e+03, 3.2327e-01, 0.0000e+00],
        [2.9691e+03, 2.4487e+03, 2.9959e+03, 2.4802e+03, 3.2210e-01, 0.0000e+00],
        [1.4633e+03, 1.9248e+02, 1.5076e+03, 2.4958e+02, 2.8469e-01, 0.0000e+00],
        [2.3675e+03, 1.0557e+03, 2.5192e+03, 1.2255e+03, 2.8170e-01, 0.0000e+00],
        [3.4232e+03, 2.3434e+03, 3.4539e+03, 2.3886e+03, 2.6650e-01, 0.0000e+00]])