([[3.8730e+03, 1.9747e+03, 3.9916e+03, 2.0864e+03, 8.0475e-01, 0.0000e+00],
        [3.8847e+03, 1.8241e+03, 3.9381e+03, 1.8738e+03, 6.7587e-01, 0.0000e+00],
        [2.7342e+03, 1.9175e+03, 2.7811e+03, 1.9644e+03, 6.5214e-01, 0.0000e+00],
        [2.7023e+03, 6.6647e+02, 2.7334e+03, 7.0975e+02, 6.2993e-01, 0.0000e+00],
        [2.4753e+03, 1.2268e+03, 2.5449e+03, 1.2732e+03, 6.1662e-01, 0.0000e+00],
        [2.3006e+03, 1.2686e+03, 2.3341e+03, 1.3205e+03, 5.8148e-01, 0.0000e+00],
        [2.2771e+03, 9.1717e+02, 2.3313e+03, 9.7867e+02, 5.3648e-01, 0.0000e+00],
        [5.8584e+02, 2.7573e+03, 6.2302e+02, 2.8033e+03, 5.1123e-01, 0.0000e+00],
        [2.7639e+03, 1.5634e+03, 2.7897e+03, 1.5901e+03, 4.7286e-01, 0.0000e+00],
        [3.9308e+03, 2.1745e+03, 3.9859e+03, 2.2093e+03, 4.4898e-01, 0.0000e+00],
        [3.7490e+03, 1.0653e+02, 3.7720e+03, 1.3014e+02, 4.2618e-01, 0.0000e+00],
        [9.0492e+01, 2.4650e+03, 1.3040e+02, 2.5027e+03, 3.8231e-01, 0.0000e+00],
        [1.7307e+03, 1.3729e+03, 1.7540e+03, 1.4112e+03, 3.7374e-01, 0.0000e+00],
        [1.4633e+03, 1.5832e+03, 1.5054e+03, 1.6191e+03, 3.4428e-01, 0.0000e+00],
        [7.2540e-01, 4.6355e+02, 4.6458e+01, 4.9451e+02, 3.1228e-01, 0.0000e+00],
        [2.2539e+03, 3.9982e+02, 2.2762e+03, 4.3400e+02, 2.9567e-01, 0.0000e+00],
        [1.6880e+03, 1.5581e+03, 1.7298e+03, 1.6190e+03, 2.8402e-01, 0.0000e+00],
        [3.5695e+03, 8.0555e+02, 3.5967e+03, 8.3247e+02, 2.5412e-01, 0.0000e+00]])