([[2.0872e+03, 7.4049e+02, 2.1743e+03, 8.4250e+02, 7.6709e-01, 0.0000e+00],
        [1.8102e+03, 1.6510e+03, 1.8986e+03, 1.7562e+03, 6.9432e-01, 0.0000e+00],
        [2.5717e+02, 1.7441e+03, 2.8551e+02, 1.7806e+03, 6.8346e-01, 0.0000e+00],
        [2.9231e+03, 7.5997e+02, 3.0274e+03, 8.6927e+02, 6.4853e-01, 0.0000e+00],
        [6.5194e+02, 1.2304e+03, 7.1400e+02, 1.2882e+03, 6.4720e-01, 0.0000e+00],
        [2.7245e+03, 7.4154e+02, 2.8113e+03, 8.0070e+02, 6.2949e-01, 0.0000e+00],
        [5.3417e+02, 8.5041e+02, 5.9162e+02, 9.0809e+02, 6.1535e-01, 0.0000e+00],
        [1.0294e+03, 5.2572e+02, 1.0548e+03, 5.5526e+02, 4.8333e-01, 0.0000e+00],
        [3.3099e+03, 1.4130e+03, 3.3461e+03, 1.4518e+03, 4.7767e-01, 0.0000e+00],
        [2.9571e+03, 1.8179e+03, 3.0402e+03, 1.8822e+03, 4.4975e-01, 0.0000e+00],
        [3.0218e+03, 1.8216e+03, 3.0743e+03, 1.8851e+03, 4.4827e-01, 0.0000e+00],
        [2.9576e+03, 1.8205e+03, 3.0092e+03, 1.8744e+03, 4.4451e-01, 0.0000e+00],
        [1.0039e+03, 1.5241e+03, 1.0326e+03, 1.5548e+03, 4.3659e-01, 0.0000e+00],
        [3.3873e+03, 1.4628e+03, 3.4217e+03, 1.5119e+03, 3.8912e-01, 0.0000e+00],
        [6.5347e+02, 1.6813e+03, 6.7440e+02, 1.7021e+03, 3.8817e-01, 0.0000e+00],
        [1.5599e+03, 4.0156e+02, 1.5987e+03, 4.3886e+02, 3.7129e-01, 0.0000e+00],
        [1.5548e+03, 9.2010e+01, 1.5756e+03, 1.1412e+02, 3.6238e-01, 0.0000e+00],
        [3.0055e+03, 1.8136e+03, 3.0763e+03, 1.8881e+03, 3.1764e-01, 0.0000e+00],
        [6.7748e+02, 1.5857e+03, 7.1910e+02, 1.6272e+03, 3.1691e-01, 0.0000e+00],
        [2.9596e+03, 1.8140e+03, 3.0744e+03, 1.8893e+03, 2.5669e-01, 0.0000e+00],
        [3.6414e+03, 4.0788e+02, 3.6851e+03, 4.5034e+02, 2.5395e-01, 0.0000e+00]])