([[3.0350e+03, 2.7403e+03, 3.0991e+03, 2.7877e+03, 6.8985e-01, 0.0000e+00],
        [2.4529e+03, 1.3266e+03, 2.5435e+03, 1.4151e+03, 6.7931e-01, 0.0000e+00],
        [1.9640e+03, 1.9892e+03, 2.0713e+03, 2.0804e+03, 6.0992e-01, 0.0000e+00],
        [2.6383e+03, 1.7650e+03, 2.7792e+03, 1.8473e+03, 5.5059e-01, 0.0000e+00],
        [1.5431e+03, 2.0881e+03, 1.6089e+03, 2.1446e+03, 4.8834e-01, 0.0000e+00],
        [1.9499e+02, 2.0647e+03, 2.3823e+02, 2.1158e+03, 4.7421e-01, 0.0000e+00],
        [3.1911e+03, 2.7771e+03, 3.2256e+03, 2.8296e+03, 4.1607e-01, 0.0000e+00],
        [9.8073e+02, 2.8093e+03, 1.1119e+03, 2.9436e+03, 3.9727e-01, 0.0000e+00],
        [3.2828e+03, 2.8110e+03, 3.3138e+03, 2.8597e+03, 3.9191e-01, 0.0000e+00],
        [1.2877e+02, 2.8602e+03, 1.9962e+02, 2.9113e+03, 3.6045e-01, 0.0000e+00],
        [1.9712e+03, 1.1254e+03, 2.0250e+03, 1.1635e+03, 3.2585e-01, 0.0000e+00],
        [1.1700e+03, 1.7205e+03, 1.2059e+03, 1.7671e+03, 3.2558e-01, 0.0000e+00],
        [3.4193e+02, 2.0687e+03, 3.8086e+02, 2.1106e+03, 3.1074e-01, 0.0000e+00],
        [3.1523e+02, 2.8802e+03, 3.5186e+02, 2.9256e+03, 3.0416e-01, 0.0000e+00],
        [3.7801e+03, 1.1542e+03, 3.8244e+03, 1.1870e+03, 2.9633e-01, 0.0000e+00],
        [9.4546e+02, 2.2476e+03, 9.9887e+02, 2.2939e+03, 2.9052e-01, 0.0000e+00],
        [2.7744e+03, 2.6669e+03, 2.8164e+03, 2.7032e+03, 2.8997e-01, 0.0000e+00],
        [1.1520e+03, 2.4577e+03, 1.2045e+03, 2.4907e+03, 2.7692e-01, 0.0000e+00],
        [7.9648e+02, 1.7977e+03, 8.2547e+02, 1.8334e+03, 2.7416e-01, 0.0000e+00],
        [3.1424e+01, 2.2784e+03, 6.3869e+01, 2.3051e+03, 2.6678e-01, 0.0000e+00],
        [2.4808e+03, 1.7199e+03, 2.7693e+03, 1.9516e+03, 2.5651e-01, 0.0000e+00],
        [3.7415e+03, 7.6657e+02, 3.7823e+03, 7.9369e+02, 2.5114e-01, 0.0000e+00]])