([[2.1184e+03, 1.5723e+03, 2.2534e+03, 1.7080e+03, 7.8163e-01, 0.0000e+00],
        [3.7547e+03, 2.2065e+03, 3.8710e+03, 2.3273e+03, 7.3652e-01, 0.0000e+00],
        [1.2399e+03, 1.4830e+03, 1.3215e+03, 1.5821e+03, 7.3391e-01, 0.0000e+00],
        [9.1133e+02, 1.6804e+03, 1.0026e+03, 1.7656e+03, 6.8972e-01, 0.0000e+00],
        [1.2361e+03, 1.9431e+03, 1.2813e+03, 2.0029e+03, 6.7592e-01, 0.0000e+00],
        [1.3119e+02, 2.8368e+03, 2.1491e+02, 2.9313e+03, 6.6066e-01, 0.0000e+00],
        [9.1965e+01, 1.6074e+03, 1.5190e+02, 1.6562e+03, 6.5473e-01, 0.0000e+00],
        [2.7647e+03, 2.1589e+03, 2.8056e+03, 2.1957e+03, 6.4682e-01, 0.0000e+00],
        [1.8618e+03, 1.1671e+03, 1.9251e+03, 1.2189e+03, 6.2434e-01, 0.0000e+00],
        [3.9087e+03, 2.5874e+03, 3.9378e+03, 2.6305e+03, 6.2354e-01, 0.0000e+00],
        [3.4279e+03, 1.7741e+03, 3.4749e+03, 1.8184e+03, 6.2274e-01, 0.0000e+00],
        [8.7297e+02, 2.7030e+03, 9.0927e+02, 2.7398e+03, 6.0806e-01, 0.0000e+00],
        [2.1733e+03, 2.7916e+03, 2.2422e+03, 2.8539e+03, 5.9751e-01, 0.0000e+00],
        [2.1941e+03, 1.5948e+02, 2.2441e+03, 1.9939e+02, 5.8803e-01, 0.0000e+00],
        [5.6422e+02, 2.4406e+03, 5.9670e+02, 2.4736e+03, 5.8599e-01, 0.0000e+00],
        [3.9881e+02, 8.6868e+02, 4.4840e+02, 9.1814e+02, 5.8530e-01, 0.0000e+00],
        [3.0656e+03, 1.4446e+03, 3.1278e+03, 1.5001e+03, 5.4865e-01, 0.0000e+00],
        [2.9873e+03, 2.6826e+02, 3.0336e+03, 3.1236e+02, 5.3532e-01, 0.0000e+00],
        [1.7899e+03, 2.2128e+03, 1.8455e+03, 2.2635e+03, 5.1437e-01, 0.0000e+00],
        [2.8312e+03, 2.9139e+03, 2.8769e+03, 2.9397e+03, 5.0240e-01, 0.0000e+00],
        [1.3899e+03, 1.2972e+03, 1.4271e+03, 1.3231e+03, 5.0007e-01, 0.0000e+00],
        [2.0535e+03, 8.7350e+02, 2.0876e+03, 9.0995e+02, 4.7138e-01, 0.0000e+00],
        [3.7264e+03, 1.8725e+03, 3.7922e+03, 1.9125e+03, 4.7046e-01, 0.0000e+00],
        [7.0460e+02, 2.2050e+03, 7.4708e+02, 2.2447e+03, 4.3756e-01, 0.0000e+00],
        [3.8697e+02, 1.9478e+03, 4.2361e+02, 1.9776e+03, 3.9282e-01, 0.0000e+00],
        [2.3685e+03, 1.2718e+03, 2.3977e+03, 1.2977e+03, 3.9197e-01, 0.0000e+00],
        [3.5616e+03, 1.9926e+03, 3.6120e+03, 2.0249e+03, 3.8388e-01, 0.0000e+00],
        [3.3861e+03, 1.8034e+03, 3.4255e+03, 1.8424e+03, 3.5167e-01, 0.0000e+00],
        [2.4623e+03, 1.6314e+03, 2.4964e+03, 1.6581e+03, 3.3530e-01, 0.0000e+00],
        [5.4899e+02, 1.4571e+03, 5.7451e+02, 1.4830e+03, 3.1560e-01, 0.0000e+00],
        [2.4375e+03, 2.5651e+03, 2.4703e+03, 2.6076e+03, 3.1186e-01, 0.0000e+00],
        [2.7493e+03, 1.2687e+03, 2.7794e+03, 1.3069e+03, 3.0878e-01, 0.0000e+00],
        [3.5327e+03, 6.1910e+02, 3.5657e+03, 6.4953e+02, 2.8579e-01, 0.0000e+00],
        [1.6171e+03, 1.2998e+03, 1.6435e+03, 1.3257e+03, 2.8177e-01, 0.0000e+00],
        [2.9322e+03, 8.1071e+02, 2.9651e+03, 8.5300e+02, 2.6425e-01, 0.0000e+00],
        [3.0470e+03, 1.2259e+03, 3.0755e+03, 1.2568e+03, 2.6299e-01, 0.0000e+00],
        [1.9936e+03, 1.2669e+03, 2.0198e+03, 1.2913e+03, 2.5743e-01, 0.0000e+00]])