([[1.9318e+02, 6.7399e+02, 2.3550e+02, 7.1128e+02, 7.1836e-01, 0.0000e+00],
        [3.2609e+03, 1.2901e+03, 3.3046e+03, 1.3536e+03, 7.1418e-01, 0.0000e+00],
        [1.8139e+03, 8.0030e+02, 1.8728e+03, 8.5515e+02, 7.0570e-01, 0.0000e+00],
        [3.4607e+03, 2.1109e+03, 3.4978e+03, 2.1499e+03, 6.8714e-01, 0.0000e+00],
        [1.5376e+03, 2.5380e+03, 1.5875e+03, 2.5943e+03, 6.5462e-01, 0.0000e+00],
        [7.2858e+02, 2.3868e+03, 8.2142e+02, 2.4566e+03, 6.3519e-01, 0.0000e+00],
        [1.9177e+03, 9.0872e+01, 2.0060e+03, 1.9464e+02, 6.2782e-01, 0.0000e+00],
        [1.9676e+03, 7.1102e+02, 2.0464e+03, 8.1315e+02, 6.2658e-01, 0.0000e+00],
        [3.4725e+03, 1.5210e+03, 3.5102e+03, 1.5615e+03, 6.0158e-01, 0.0000e+00],
        [3.2579e+03, 2.5524e+03, 3.2961e+03, 2.5870e+03, 5.9847e-01, 0.0000e+00],
        [5.7683e+01, 2.9092e+03, 1.0296e+02, 2.9581e+03, 5.6629e-01, 0.0000e+00],
        [1.1599e+03, 2.3215e+03, 1.1957e+03, 2.3684e+03, 5.4314e-01, 0.0000e+00],
        [9.9332e+02, 2.3038e+03, 1.0324e+03, 2.3319e+03, 5.2238e-01, 0.0000e+00],
        [6.0685e+02, 2.7005e+03, 6.3756e+02, 2.7435e+03, 4.6531e-01, 0.0000e+00],
        [1.9066e+03, 3.4292e+02, 1.9416e+03, 3.8169e+02, 4.3697e-01, 0.0000e+00],
        [1.6513e+03, 3.9101e+02, 1.6776e+03, 4.3790e+02, 4.3285e-01, 0.0000e+00],
        [1.6032e+02, 5.9094e+02, 2.0063e+02, 6.3083e+02, 4.0260e-01, 0.0000e+00],
        [2.1912e+02, 3.5111e+02, 2.5341e+02, 3.9453e+02, 3.8377e-01, 0.0000e+00],
        [4.1056e+02, 2.9178e+02, 4.5060e+02, 3.2441e+02, 3.7331e-01, 0.0000e+00],
        [1.6446e+03, 6.3391e+02, 1.6786e+03, 6.6579e+02, 3.6686e-01, 0.0000e+00],
        [1.4852e+03, 5.5713e+02, 1.5170e+03, 6.0822e+02, 3.5464e-01, 0.0000e+00],
        [4.0184e+02, 2.8500e+02, 4.4045e+02, 3.2042e+02, 3.0625e-01, 0.0000e+00],
        [1.7105e+03, 6.4921e+02, 1.7458e+03, 6.9464e+02, 2.6231e-01, 0.0000e+00]])